<?xml version="1.0" encoding="UTF-8" standalone="no"?>
<!DOCTYPE svg PUBLIC "-//W3C//DTD SVG 20010904//EN"
              "http://www.w3.org/TR/2001/REC-SVG-20010904/DTD/svg10.dtd">

<svg xmlns="http://www.w3.org/2000/svg"
     width="13.8872in" height="7.11022in"
     viewBox="0 0 1000 512">
  <path id="Kijelölés #41"
        fill="none" stroke="black" stroke-width="1"
        d="M 619.12,342.00
           C 623.28,350.41 622.21,351.67 619.12,360.00
             619.12,360.00 614.22,374.00 614.22,374.00
             612.81,378.46 612.46,385.04 609.08,388.47
             607.70,389.87 605.92,390.46 603.99,390.61
             597.40,391.11 595.55,384.46 596.30,379.00
             597.11,373.04 600.31,373.46 600.13,365.00
             599.83,351.01 610.71,357.17 617.00,342.00
             617.00,342.00 619.12,342.00 619.12,342.00 Z" />
  <path id="Kijelölés #40"
        fill="none" stroke="black" stroke-width="1"
        d="M 506.61,319.57
           C 510.08,321.18 511.94,329.49 517.68,324.67
             517.68,324.67 520.00,322.00 520.00,322.00
             520.00,322.00 525.00,323.00 525.00,323.00
             525.01,326.70 524.86,331.65 527.09,334.82
             529.41,338.13 540.98,340.07 545.00,340.00
             548.55,344.37 549.39,345.45 555.00,344.00
             548.10,336.21 549.34,339.20 550.00,329.00
             556.79,325.92 558.27,328.00 563.93,332.00
             563.69,333.94 563.22,346.95 563.93,348.12
             563.93,348.12 568.66,356.09 568.66,356.09
             570.49,357.26 573.09,355.07 573.21,351.99
             573.34,348.56 570.53,346.83 570.00,340.00
             579.10,340.00 582.08,340.37 589.82,335.00
             589.82,335.00 589.82,342.00 589.82,342.00
             590.00,346.69 591.71,348.12 589.03,353.00
             584.91,360.49 575.20,361.71 570.97,371.00
             568.54,375.68 573.24,378.07 570.97,383.82
             569.32,388.93 564.11,388.93 562.21,392.27
             560.81,394.76 562.07,397.11 560.98,399.68
             560.98,399.68 555.41,407.04 555.41,407.04
             551.04,412.78 542.61,422.48 535.00,423.16
             533.16,423.63 531.75,423.09 530.00,423.16
             524.42,422.40 520.08,425.93 516.34,423.79
             512.48,421.58 513.57,417.09 512.65,414.58
             512.65,414.58 507.62,405.00 507.62,405.00
             505.84,401.93 504.29,400.63 503.13,397.00
             503.13,397.00 499.46,377.91 499.46,377.91
             496.57,369.71 492.45,367.27 492.04,360.00
             491.36,347.81 497.00,343.05 497.73,338.42
             497.73,338.42 494.00,318.00 494.00,318.00
             494.00,318.00 506.61,319.57 506.61,319.57 Z" />
  <path id="Kijelölés #39"
        fill="none" stroke="black" stroke-width="1"
        d="M 483.17,297.00
           C 483.42,294.58 484.01,290.77 486.43,289.49
             488.81,288.40 497.13,289.15 500.00,289.49
             502.06,289.59 504.81,289.91 505.99,287.68
             507.83,284.17 501.55,279.19 502.53,274.06
             503.38,269.63 507.74,269.90 511.00,268.49
             517.28,265.79 522.58,258.76 531.00,257.00
             532.81,264.91 537.72,270.01 544.00,275.00
             545.11,281.18 548.26,280.04 553.00,281.41
             556.40,282.39 555.91,282.90 560.00,283.04
             563.89,283.17 567.87,282.08 568.96,287.05
             570.70,295.01 560.07,298.78 557.51,301.49
             555.03,304.11 555.61,306.75 554.04,309.58
             552.82,311.78 550.73,313.19 550.73,316.00
             550.73,318.05 553.97,323.68 555.00,326.00
             555.00,326.00 547.93,328.00 547.93,328.00
             547.93,328.00 547.93,336.96 547.93,336.96
             547.93,336.96 553.00,344.00 553.00,344.00
             553.00,344.00 543.91,339.49 543.91,339.49
             543.91,339.49 529.00,336.00 529.00,336.00
             526.07,328.96 528.08,322.36 522.00,322.03
             518.12,321.82 516.30,326.05 513.26,324.75
             511.18,323.86 510.57,320.58 507.86,318.60
             504.14,315.89 497.24,317.24 493.00,318.00
             488.80,305.04 481.94,308.83 483.17,297.00 Z" />
  <path id="Kijelölés #38"
        fill="none" stroke="black" stroke-width="1"
        d="M 578.81,224.91
           C 578.81,224.91 586.51,237.71 586.51,237.71
             586.51,237.71 595.52,246.09 595.52,246.09
             599.73,251.06 599.24,255.44 604.04,256.67
             607.99,257.69 620.60,253.19 625.00,252.00
             625.40,254.24 626.02,256.73 625.69,259.00
             625.12,262.99 615.27,281.60 612.53,284.70
             612.53,284.70 601.17,294.29 601.17,294.29
             601.17,294.29 594.71,302.00 594.71,302.00
             590.48,307.00 586.01,311.15 584.93,318.00
             584.09,323.33 587.05,330.09 589.00,335.00
             586.14,335.99 580.65,338.30 578.00,338.59
             574.88,338.92 570.93,337.28 569.02,340.32
             565.74,345.64 576.62,350.89 569.02,356.00
             568.25,351.41 567.65,350.84 564.00,348.00
             565.20,343.14 566.20,335.61 563.28,331.17
             561.16,327.96 552.78,323.13 552.40,316.09
             552.25,313.20 554.62,311.36 555.86,308.96
             557.00,306.75 557.14,304.43 558.73,302.45
             560.37,300.42 566.49,296.75 569.24,292.91
             571.76,289.38 571.46,283.27 566.87,281.56
             564.21,280.77 561.18,282.62 557.00,281.56
             551.55,279.88 553.97,278.74 547.00,280.00
             543.46,271.26 538.75,269.75 534.92,263.72
             534.92,263.72 531.88,257.00 531.88,257.00
             530.63,254.40 529.10,251.88 528.57,249.00
             527.25,241.90 532.07,239.47 533.20,235.91
             534.70,232.48 533.85,226.51 533.20,223.00
             536.24,220.83 535.87,219.72 536.00,215.93
             536.00,215.93 564.42,215.93 564.42,215.93
             564.42,215.93 572.00,211.00 572.00,211.00
             579.25,218.19 575.31,218.77 578.81,224.91 Z" />
  <path id="Kijelölés #37"
        fill="none" stroke="black" stroke-width="1"
        d="M 447.00,278.12
           C 443.00,279.09 441.61,277.79 438.00,278.12
             434.97,278.31 431.47,279.95 427.00,279.92
             420.33,279.89 414.36,274.62 410.27,269.71
             410.27,269.71 404.61,260.00 404.61,260.00
             398.90,252.08 394.48,253.12 395.26,242.00
             395.62,236.89 399.17,233.72 399.24,229.26
             399.33,222.57 394.53,220.86 397.37,214.00
             398.23,211.92 407.98,195.94 409.52,194.33
             412.42,191.27 416.06,190.02 418.69,186.90
             421.58,183.46 420.97,180.63 423.07,177.09
             424.18,175.23 433.40,166.70 435.15,165.69
             439.10,163.43 440.71,167.52 447.00,166.31
             451.39,165.46 452.25,162.91 462.00,160.86
             467.36,159.56 468.92,161.03 474.00,160.86
             481.37,160.88 477.18,159.09 489.00,160.00
             489.00,160.00 489.98,173.93 489.98,173.93
             489.49,176.43 487.29,177.49 485.59,182.01
             483.93,185.69 483.66,200.82 485.59,203.81
             487.00,205.63 488.94,206.78 490.72,208.01
             496.48,211.99 496.93,212.18 504.00,212.12
             512.71,212.05 515.67,215.63 523.00,219.70
             525.53,221.10 529.46,222.96 531.01,225.47
             532.48,227.86 532.00,234.98 532.00,238.00
             524.57,242.34 526.24,248.42 529.00,255.00
             524.69,257.98 515.52,264.54 511.00,266.59
             506.99,268.40 501.38,269.23 500.90,275.00
             500.64,278.10 504.63,283.73 506.00,287.00
             506.00,287.00 485.00,287.00 485.00,287.00
             481.88,279.25 478.38,280.01 471.00,280.00
             466.47,267.35 455.60,276.21 447.00,278.12 Z" />
  <path id="Kijelölés #36"
        fill="none" stroke="black" stroke-width="1"
        d="M 504.00,176.00
           C 505.14,179.83 511.70,183.84 515.78,182.77
             519.91,181.68 516.18,176.04 522.11,175.14
             527.45,174.32 532.72,177.93 538.00,179.20
             541.87,180.13 546.00,181.34 550.00,180.97
             550.00,180.97 554.99,180.36 554.99,180.36
             558.44,180.37 557.89,181.32 564.00,181.00
             564.00,181.00 567.00,194.00 567.00,194.00
             567.00,194.00 564.00,193.00 564.00,193.00
             564.00,193.00 572.00,211.00 572.00,211.00
             572.00,211.00 564.00,214.08 564.00,214.08
             564.00,214.08 534.00,214.08 534.00,214.08
             533.95,218.53 534.37,219.75 531.00,223.00
             526.23,220.25 514.29,212.65 510.00,211.25
             502.19,208.70 496.93,213.77 488.26,204.62
             484.46,200.61 486.44,198.35 486.37,194.00
             486.37,194.00 485.73,188.00 485.73,188.00
             485.64,183.11 489.46,177.98 492.00,174.00
             492.00,174.00 504.00,176.00 504.00,176.00 Z
           M 560.00,188.00
           C 560.00,188.00 561.00,189.00 561.00,189.00
             561.00,189.00 561.00,188.00 561.00,188.00
             561.00,188.00 560.00,188.00 560.00,188.00 Z
           M 562.00,191.00
           C 562.00,191.00 563.00,192.00 563.00,192.00
             563.00,192.00 563.00,191.00 563.00,191.00
             563.00,191.00 562.00,191.00 562.00,191.00 Z
           M 563.00,192.00
           C 563.00,192.00 564.00,193.00 564.00,193.00
             564.00,193.00 564.00,192.00 564.00,192.00
             564.00,192.00 563.00,192.00 563.00,192.00 Z" />
  <path id="Kijelölés #35"
        fill="none" stroke="black" stroke-width="1"
        d="M 867.11,357.44
           C 868.46,354.60 875.42,348.42 879.00,348.35
             881.63,348.31 883.79,349.78 886.00,351.00
             886.00,351.00 874.00,392.00 874.00,392.00
             874.00,392.00 888.00,393.00 888.00,393.00
             888.00,393.00 914.00,395.00 914.00,395.00
             914.00,395.00 900.00,437.00 900.00,437.00
             900.00,437.00 898.00,437.00 898.00,437.00
             898.00,437.00 896.00,425.00 896.00,425.00
             896.00,425.00 893.00,427.00 893.00,427.00
             893.00,427.00 895.00,422.00 895.00,422.00
             895.00,422.00 888.00,425.00 888.00,425.00
             883.53,407.01 865.25,417.06 854.00,420.37
             854.00,420.37 841.00,422.83 841.00,422.83
             834.99,424.69 826.26,429.19 823.00,421.00
             831.42,413.50 826.58,410.06 827.09,401.00
             827.09,401.00 828.13,388.00 828.13,388.00
             828.24,371.73 849.37,372.39 855.91,368.15
             859.26,365.96 860.83,362.66 862.00,359.00
             862.00,359.00 867.11,360.00 867.11,360.00
             867.01,359.09 866.58,358.88 867.11,357.44 Z" />
  <path id="Kijelölés #34"
        fill="none" stroke="black" stroke-width="1"
        d="M 909.87,350.91
           C 910.59,354.91 919.73,361.57 923.56,358.58
             931.41,352.45 924.98,341.29 935.00,338.00
             937.68,349.51 940.03,347.08 942.06,354.00
             943.94,360.41 941.13,362.02 942.86,365.25
             942.86,365.25 947.59,371.17 947.59,371.17
             947.59,371.17 952.95,382.00 952.95,382.00
             955.68,386.40 957.64,387.43 957.96,393.00
             958.46,401.78 954.28,410.54 948.24,416.79
             948.24,416.79 940.59,423.21 940.59,423.21
             940.59,423.21 928.49,436.37 928.49,436.37
             924.43,439.41 922.53,435.13 916.00,442.00
             916.00,442.00 900.00,438.00 900.00,438.00
             900.00,438.00 906.29,423.00 906.29,423.00
             906.29,423.00 911.91,406.00 911.91,406.00
             912.90,403.40 916.32,397.10 914.22,394.63
             912.84,393.01 906.23,393.11 904.00,393.03
             904.00,393.03 876.00,391.00 876.00,391.00
             876.00,391.00 883.96,361.00 883.96,361.00
             885.52,355.57 886.02,349.80 890.01,345.29
             891.87,343.18 893.58,343.02 896.01,341.95
             903.99,338.46 905.02,338.91 913.00,343.00
             911.99,345.26 909.46,348.61 909.87,350.91 Z" />
  <path id="Kijelölés #33"
        fill="none" stroke="black" stroke-width="1"
        d="M 910.00,308.00
           C 912.61,306.10 916.75,302.99 920.00,302.60
             923.38,302.19 926.96,304.42 930.00,305.66
             936.74,308.40 946.38,311.30 950.99,317.43
             953.46,320.72 952.11,323.67 954.96,327.91
             957.99,332.43 961.05,332.28 964.00,338.00
             964.00,338.00 952.09,334.35 952.09,334.35
             952.09,334.35 942.47,326.38 942.47,326.38
             942.47,326.38 934.90,331.23 934.90,331.23
             934.90,331.23 925.00,328.35 925.00,328.35
             925.00,328.35 919.00,327.00 919.00,327.00
             919.00,327.00 919.00,324.00 919.00,324.00
             919.00,324.00 922.00,323.00 922.00,323.00
             918.96,316.50 915.38,315.18 909.00,312.40
             909.00,312.40 902.88,310.04 902.88,310.04
             900.74,308.29 901.91,306.69 902.88,305.00
             902.88,305.00 897.00,302.00 897.00,302.00
             897.00,302.00 897.00,300.00 897.00,300.00
             906.28,296.55 906.75,299.88 910.00,308.00 Z" />
  <path id="Kijelölés #32"
        fill="none" stroke="black" stroke-width="1"
        d="M 841.00,310.45
           C 838.31,310.19 831.30,309.48 829.09,308.66
             824.16,306.82 820.33,297.14 822.60,292.31
             823.48,290.44 826.76,289.19 828.58,287.91
             838.94,280.61 833.95,282.05 840.99,277.37
             844.59,274.98 847.19,270.32 851.94,273.60
             857.93,277.74 852.69,281.29 852.58,285.00
             852.51,287.42 854.93,290.59 856.00,293.00
             847.12,300.92 850.31,311.38 841.00,310.45 Z" />
  <path id="Kijelölés #31"
        fill="none" stroke="black" stroke-width="1"
        d="M 776.50,205.91
           C 776.85,206.92 784.92,216.98 785.93,217.56
             787.03,218.19 790.54,218.68 792.00,219.00
             792.00,219.00 793.00,218.00 793.00,218.00
             793.00,218.00 792.00,214.00 792.00,214.00
             792.00,214.00 802.91,212.52 802.91,212.52
             802.91,212.52 811.00,217.00 811.00,217.00
             809.79,218.87 807.10,222.22 807.19,224.42
             807.35,228.19 812.45,231.61 814.73,234.17
             818.80,238.74 821.31,244.88 820.96,251.00
             820.56,257.82 817.82,256.62 813.59,260.32
             810.46,263.06 811.20,263.26 807.00,265.00
             807.00,265.00 807.00,259.00 807.00,259.00
             807.00,259.00 806.00,258.00 806.00,258.00
             806.00,258.00 802.00,259.00 802.00,259.00
             798.06,252.32 795.15,251.32 789.00,247.00
             790.35,254.65 787.74,257.72 791.38,264.99
             794.89,271.98 798.37,272.00 801.42,276.17
             803.53,279.06 805.67,288.29 806.00,292.00
             799.09,291.02 794.33,285.36 792.11,279.00
             792.11,279.00 790.53,273.17 790.53,273.17
             788.75,268.62 784.80,268.03 783.69,264.79
             783.69,264.79 784.25,252.00 784.25,252.00
             784.25,252.00 778.00,235.00 778.00,235.00
             774.27,238.09 773.86,238.79 769.00,238.00
             770.22,226.56 761.40,224.17 759.00,218.00
             764.92,215.78 762.59,214.30 764.36,209.00
             767.26,200.30 766.68,201.18 772.00,194.00
             780.76,197.31 774.77,200.92 776.50,205.91 Z" />
  <path id="Kijelölés #30"
        fill="none" stroke="black" stroke-width="1"
        d="M 682.00,160.00
           C 691.87,157.63 692.67,161.75 700.58,165.56
             700.58,165.56 705.85,167.45 705.85,167.45
             709.91,169.77 707.58,173.39 708.02,176.98
             708.42,180.24 710.24,181.72 713.02,183.16
             716.37,184.91 718.51,184.76 721.00,185.71
             721.00,185.71 728.00,189.36 728.00,189.36
             731.29,190.71 733.51,190.36 736.00,191.08
             738.98,191.94 740.65,193.60 744.00,193.76
             744.00,193.76 749.96,193.76 749.96,193.76
             749.96,193.76 754.38,194.66 754.38,194.66
             757.22,194.77 758.20,192.38 760.37,191.16
             765.06,188.51 768.78,190.69 771.00,195.00
             760.23,202.99 765.89,212.57 758.00,218.00
             758.00,218.00 757.00,214.00 757.00,214.00
             754.07,214.45 748.59,215.59 746.14,217.13
             743.66,218.69 743.30,220.41 741.47,222.41
             741.47,222.41 730.14,233.84 730.14,233.84
             728.35,235.76 724.20,238.60 723.49,240.47
             722.80,242.10 723.51,244.27 723.49,246.00
             723.55,250.89 720.61,266.22 714.01,265.92
             709.89,265.73 709.30,261.01 708.24,258.00
             708.24,258.00 698.18,236.00 698.18,236.00
             696.62,232.58 695.05,228.73 694.50,225.00
             693.81,220.36 695.37,219.58 693.00,215.00
             691.58,223.07 684.22,219.81 682.00,214.00
             682.00,214.00 685.00,213.00 685.00,213.00
             685.00,213.00 671.90,204.71 671.90,204.71
             671.90,204.71 658.00,204.00 658.00,204.00
             657.85,197.64 660.22,197.79 659.40,194.83
             658.85,192.83 656.29,190.38 655.20,188.00
             654.14,185.68 654.49,184.24 653.83,182.17
             651.54,175.02 647.92,174.78 651.00,166.00
             658.92,165.00 658.57,161.10 663.09,159.78
             665.94,158.72 668.34,160.34 671.00,159.78
             674.10,159.45 676.03,157.19 678.00,155.00
             678.00,155.00 682.00,160.00 682.00,160.00 Z" />
  <path id="Kijelölés #29"
        fill="none" stroke="black" stroke-width="1"
        d="M 725.70,122.85
           C 728.80,125.15 730.37,128.90 734.04,130.83
             738.31,133.07 740.75,130.54 747.00,134.80
             753.52,139.24 756.98,145.94 765.00,146.00
             767.48,153.58 772.69,152.88 779.00,151.00
             779.00,151.00 780.00,152.00 780.00,152.00
             779.43,158.79 783.71,159.56 788.00,155.00
             788.00,155.00 793.87,156.91 793.87,156.91
             793.87,156.91 799.41,151.81 799.41,151.81
             799.41,151.81 810.00,148.00 810.00,148.00
             810.00,148.00 809.00,142.00 809.00,142.00
             809.00,142.00 810.00,142.00 810.00,142.00
             810.00,142.00 812.00,144.00 812.00,144.00
             812.00,144.00 819.00,140.00 819.00,140.00
             819.00,140.00 830.00,151.00 830.00,151.00
             830.00,151.00 826.00,152.00 826.00,152.00
             831.79,159.49 834.99,156.06 843.00,158.00
             843.00,158.00 843.00,161.00 843.00,161.00
             841.71,161.78 840.40,162.45 839.29,163.50
             833.13,169.29 847.92,176.91 848.30,181.92
             848.41,183.48 847.69,183.93 847.00,185.00
             854.95,186.83 850.54,193.12 848.69,198.91
             846.94,204.41 846.65,207.36 841.57,211.30
             837.21,214.69 831.16,214.63 826.72,216.25
             823.73,217.35 821.41,219.98 819.00,222.00
             815.15,216.24 814.87,219.10 810.17,215.95
             807.78,214.35 805.98,211.66 802.99,211.11
             800.03,210.56 797.80,212.74 791.00,212.00
             787.42,219.91 784.71,214.23 781.47,210.16
             780.18,208.54 778.35,207.03 778.14,204.91
             777.48,202.66 779.01,200.45 778.14,198.00
             777.14,193.45 767.53,188.00 763.02,188.84
             758.98,189.58 757.68,193.28 754.96,193.46
             753.18,193.58 751.68,191.98 748.96,192.06
             748.96,192.06 743.00,192.06 743.00,192.06
             740.40,192.03 739.22,190.98 737.00,190.26
             737.00,190.26 731.00,189.14 731.00,189.14
             727.28,188.21 725.24,186.45 722.00,185.06
             713.83,181.54 708.86,183.67 709.44,173.00
             709.88,164.72 705.51,166.13 699.91,163.69
             699.91,163.69 691.00,159.00 691.00,159.00
             690.90,154.59 688.64,153.35 686.00,150.00
             691.27,148.13 702.73,145.21 703.71,138.42
             703.97,136.67 701.76,132.85 701.00,131.00
             708.70,125.26 704.21,126.23 714.00,122.85
             712.42,113.60 721.95,119.72 725.70,122.85 Z" />
  <path id="Kijelölés #28"
        fill="none" stroke="black" stroke-width="1"
        d="M 901.30,157.00
           C 901.92,160.13 903.61,162.75 901.30,165.77
             897.52,171.03 893.87,165.99 891.00,174.00
             891.00,174.00 884.96,169.95 884.96,169.95
             884.96,169.95 874.00,169.95 874.00,169.95
             874.00,169.95 874.00,168.00 874.00,168.00
             874.00,168.00 880.00,164.87 880.00,164.87
             884.80,163.02 892.21,161.15 893.33,155.05
             894.07,151.05 891.07,150.12 892.00,144.00
             900.71,146.81 899.56,149.59 901.30,157.00 Z" />
  <path id="Kijelölés #27"
        fill="none" stroke="black" stroke-width="1"
        d="M 820.96,103.26
           C 825.27,106.11 827.21,110.10 833.00,113.89
             838.06,117.21 840.47,116.80 844.91,118.90
             846.93,119.85 848.76,121.49 851.09,121.51
             851.09,121.51 859.00,120.00 859.00,120.00
             859.04,126.05 860.83,127.45 855.00,131.00
             857.51,135.95 859.13,138.33 858.00,144.00
             861.15,147.11 857.85,148.73 855.00,150.00
             855.00,150.00 855.00,152.00 855.00,152.00
             859.90,153.94 875.65,163.64 864.95,168.53
             863.36,169.25 861.68,169.60 860.00,170.00
             860.00,170.00 853.88,159.40 853.88,159.40
             853.88,159.40 849.54,156.22 849.54,156.22
             849.54,156.22 844.37,151.33 844.37,151.33
             844.37,151.33 837.00,153.00 837.00,153.00
             837.00,153.00 835.00,147.00 835.00,147.00
             835.00,147.00 830.00,149.00 830.00,149.00
             830.00,149.00 818.91,140.05 818.91,140.05
             818.91,140.05 808.00,140.05 808.00,140.05
             808.00,140.05 808.00,146.00 808.00,146.00
             802.50,148.99 798.17,149.85 796.00,156.00
             796.00,156.00 789.00,155.00 789.00,155.00
             789.00,155.00 790.00,152.00 790.00,152.00
             790.00,152.00 786.00,151.00 786.00,151.00
             786.00,151.00 785.00,153.00 785.00,153.00
             785.00,153.00 786.00,156.00 786.00,156.00
             778.24,157.64 782.10,152.73 777.79,151.45
             774.04,150.33 775.72,153.40 766.00,149.00
             766.00,149.00 767.00,146.00 767.00,146.00
             765.29,145.66 762.59,145.40 761.09,144.75
             758.83,143.76 757.35,141.70 755.49,140.17
             747.49,133.58 743.57,129.79 733.00,131.00
             733.00,131.00 725.83,121.56 725.83,121.56
             725.83,121.56 718.00,116.00 718.00,116.00
             721.36,113.28 725.40,110.22 730.00,110.78
             737.45,111.11 738.47,116.54 747.00,110.78
             747.00,110.78 744.00,110.00 744.00,110.00
             744.00,110.00 744.00,107.00 744.00,107.00
             744.00,107.00 754.00,107.00 754.00,107.00
             757.69,110.69 761.89,113.47 767.00,111.00
             770.38,112.64 780.39,115.71 784.00,115.80
             789.83,115.43 792.17,110.62 802.00,115.80
             802.00,115.80 808.00,113.00 808.00,113.00
             808.00,113.00 808.00,106.00 808.00,106.00
             808.00,106.00 804.00,102.00 804.00,102.00
             809.47,100.35 815.97,99.96 820.96,103.26 Z" />
  <path id="Kijelölés #26"
        fill="none" stroke="black" stroke-width="1"
        d="M 755.83,75.32
           C 756.93,77.16 756.88,78.96 757.00,81.00
             757.00,81.00 766.91,80.04 766.91,80.04
             769.89,79.28 770.84,77.33 774.04,77.83
             784.37,79.44 786.42,86.79 793.00,88.99
             793.00,88.99 799.00,89.76 799.00,89.76
             799.00,89.76 811.00,92.57 811.00,92.57
             811.00,92.57 823.00,93.09 823.00,93.09
             823.00,93.09 832.00,94.00 832.00,94.00
             832.00,94.00 828.00,99.00 828.00,99.00
             834.99,102.52 834.48,101.99 842.00,101.00
             840.83,104.87 840.60,105.15 837.00,107.00
             837.00,107.00 843.00,116.00 843.00,116.00
             839.44,115.28 835.49,114.52 832.44,112.47
             824.87,107.39 819.17,96.11 808.00,100.03
             805.79,100.81 804.82,101.67 803.00,103.00
             806.31,106.59 805.95,108.33 806.00,112.81
             797.53,114.33 798.42,112.44 793.00,112.81
             789.52,112.72 787.80,114.17 782.00,113.96
             776.06,113.74 774.59,111.91 770.00,111.01
             770.00,111.01 762.00,110.41 762.00,110.41
             758.21,109.56 755.60,107.02 751.00,106.06
             745.49,104.91 743.91,106.73 744.00,112.00
             731.71,111.40 732.43,106.00 720.00,113.00
             720.00,113.00 718.96,111.01 718.96,111.01
             716.28,103.89 722.17,107.40 725.63,105.34
             729.92,102.79 725.22,102.91 736.00,100.00
             736.00,100.00 733.00,87.00 733.00,87.00
             733.00,87.00 740.00,87.00 740.00,87.00
             742.54,82.17 744.08,82.97 749.00,82.00
             749.00,82.00 743.00,76.00 743.00,76.00
             743.00,76.00 741.00,65.00 741.00,65.00
             744.56,66.74 753.90,72.12 755.83,75.32 Z" />
  <path id="Kijelölés #25"
        fill="none" stroke="black" stroke-width="1"
        d="M 904.00,47.68
           C 904.00,47.68 913.00,50.62 913.00,50.62
             913.00,50.62 922.00,52.10 922.00,52.10
             922.00,52.10 929.00,54.92 929.00,54.92
             933.13,56.15 941.82,53.33 945.00,63.00
             934.08,64.71 932.34,58.53 923.00,60.00
             923.00,60.00 925.00,63.00 925.00,63.00
             925.00,63.00 921.00,64.00 921.00,64.00
             921.00,64.00 934.00,68.00 934.00,68.00
             934.00,68.00 934.00,71.00 934.00,71.00
             934.00,71.00 926.10,72.39 926.10,72.39
             926.10,72.39 919.81,77.07 919.81,77.07
             919.81,77.07 913.72,77.07 913.72,77.07
             913.72,77.07 904.00,80.00 904.00,80.00
             908.33,84.98 919.69,91.11 915.00,99.00
             915.00,99.00 918.00,108.16 918.00,108.16
             916.28,108.36 914.88,108.86 913.09,108.16
             910.66,107.57 899.77,97.38 897.89,94.99
             896.45,93.15 894.21,90.35 893.95,88.00
             893.26,81.88 901.08,76.19 893.00,71.00
             891.03,82.13 880.75,66.11 879.00,77.02
             879.00,77.02 879.00,81.00 879.00,81.00
             871.79,82.69 855.64,78.60 850.13,82.60
             846.94,84.91 845.35,91.19 843.00,95.00
             845.30,95.97 848.59,97.60 851.00,97.82
             853.42,98.09 855.44,97.14 857.83,97.82
             862.17,98.98 870.51,109.19 872.43,113.09
             875.29,118.89 873.42,134.51 867.73,137.99
             865.46,139.35 863.31,138.63 861.00,137.99
             861.00,137.99 859.00,140.00 859.00,140.00
             859.00,140.00 857.85,132.00 857.85,132.00
             857.85,132.00 860.08,126.00 860.08,126.00
             860.08,126.00 860.08,119.00 860.08,119.00
             854.56,119.04 846.46,123.52 846.00,115.00
             843.40,113.75 839.52,111.73 840.32,108.17
             840.74,106.26 844.15,103.85 842.26,101.43
             840.18,98.76 838.10,102.20 831.00,99.00
             831.00,99.00 833.00,93.00 833.00,93.00
             833.00,93.00 827.00,93.00 827.00,93.00
             825.79,90.21 822.06,84.47 824.62,81.92
             826.27,80.28 830.87,79.81 832.48,78.22
             834.37,76.35 833.17,74.02 833.79,72.31
             835.10,68.71 841.33,70.24 844.00,71.00
             844.00,71.00 842.00,63.00 842.00,63.00
             842.00,63.00 856.00,62.00 856.00,62.00
             856.00,62.00 855.00,56.00 855.00,56.00
             859.67,56.22 859.92,56.55 864.00,54.00
             864.00,54.00 859.00,51.00 859.00,51.00
             860.00,49.42 860.64,48.05 862.33,47.02
             865.75,44.93 876.08,47.04 880.00,48.00
             880.00,48.00 879.00,45.00 879.00,45.00
             879.00,45.00 904.00,47.68 904.00,47.68 Z
           M 880.00,48.00
           C 880.00,48.00 881.00,49.00 881.00,49.00
             881.00,49.00 881.00,48.00 881.00,48.00
             881.00,48.00 880.00,48.00 880.00,48.00 Z" />
  <path id="Kijelölés #24"
        fill="none" stroke="black" stroke-width="1"
        d="M 731.41,34.83
           C 734.09,35.14 735.60,34.13 739.00,34.83
             739.00,34.83 746.00,36.16 746.00,36.16
             746.00,36.16 755.00,35.04 755.00,35.04
             767.10,34.52 769.37,40.22 775.00,41.68
             776.67,42.11 792.59,41.43 795.00,41.00
             795.00,41.00 794.00,38.00 794.00,38.00
             798.69,36.86 811.38,37.49 816.00,38.68
             816.00,38.68 824.00,41.61 824.00,41.61
             824.00,41.61 838.00,42.70 838.00,42.70
             838.00,42.70 846.00,42.70 846.00,42.70
             849.46,43.09 850.69,45.30 859.00,47.00
             859.00,47.00 856.00,50.00 856.00,50.00
             856.00,50.00 856.00,52.00 856.00,52.00
             856.00,52.00 862.00,55.00 862.00,55.00
             856.24,54.31 852.80,53.72 854.00,61.00
             846.03,60.45 847.63,60.63 840.00,63.00
             840.00,63.00 842.00,68.00 842.00,68.00
             833.43,68.11 831.47,69.44 833.00,78.00
             829.23,78.32 822.07,78.95 821.84,84.00
             821.84,84.00 824.00,92.00 824.00,92.00
             814.90,91.97 808.66,90.04 800.00,88.37
             796.65,87.73 794.30,88.23 791.01,86.55
             784.17,83.04 785.01,78.42 774.01,76.17
             770.30,75.41 769.83,77.36 766.83,78.42
             764.62,79.21 760.46,79.00 758.00,79.00
             756.44,69.38 743.21,65.73 736.29,60.31
             736.29,60.31 725.00,47.00 725.00,47.00
             725.00,47.00 731.00,41.00 731.00,41.00
             731.00,41.00 722.00,34.00 722.00,34.00
             722.00,34.00 731.41,34.83 731.41,34.83 Z" />
  <path id="Kijelölés #23"
        fill="none" stroke="black" stroke-width="1"
        d="M 677.00,26.94
           C 679.32,26.97 681.78,27.44 684.00,26.94
             687.41,25.78 689.84,22.52 695.00,23.29
             697.99,23.74 699.61,25.34 703.00,25.49
             710.04,25.81 718.25,22.81 721.00,32.00
             721.00,32.00 715.00,35.00 715.00,35.00
             715.00,35.00 720.00,34.00 720.00,34.00
             720.00,34.00 729.00,41.00 729.00,41.00
             729.00,41.00 723.00,46.00 723.00,46.00
             727.79,52.61 732.95,59.87 740.00,64.00
             740.00,64.00 742.81,76.71 742.81,76.71
             742.81,76.71 746.00,81.00 746.00,81.00
             741.83,81.49 741.73,81.86 739.00,85.00
             734.59,84.64 734.38,85.24 731.00,88.00
             731.00,88.00 733.00,99.00 733.00,99.00
             726.97,101.10 728.36,102.36 725.41,103.98
             723.13,105.23 721.42,103.88 719.61,104.53
             715.11,106.18 717.54,111.65 718.00,115.00
             718.00,115.00 711.00,118.00 711.00,118.00
             708.34,113.85 707.77,112.67 703.00,111.00
             703.00,111.00 707.67,103.82 707.67,103.82
             707.67,103.82 699.00,91.00 699.00,91.00
             699.00,91.00 709.00,88.00 709.00,88.00
             709.00,88.00 703.00,84.00 703.00,84.00
             701.92,74.75 690.52,80.77 690.00,73.00
             690.00,73.00 685.00,71.00 685.00,71.00
             685.25,63.09 678.81,61.52 673.00,58.21
             667.72,55.20 666.43,52.76 663.00,50.39
             660.36,48.57 658.71,48.75 657.35,47.87
             654.61,46.11 655.61,43.74 650.00,39.00
             653.77,32.80 657.47,34.00 664.00,34.00
             664.00,34.00 663.00,29.00 663.00,29.00
             663.00,29.00 677.00,26.94 677.00,26.94 Z
           M 714.00,35.00
           C 714.00,35.00 715.00,36.00 715.00,36.00
             715.00,36.00 715.00,35.00 715.00,35.00
             715.00,35.00 714.00,35.00 714.00,35.00 Z" />
  <path id="Kijelölés #22"
        fill="none" stroke="black" stroke-width="1"
        d="M 624.83,45.37
           C 621.45,41.18 625.55,37.31 630.00,37.40
             634.42,37.49 636.48,40.95 639.00,44.00
             639.00,44.00 639.00,40.00 639.00,40.00
             639.00,40.00 650.00,38.00 650.00,38.00
             651.81,41.16 652.37,42.98 656.00,44.00
             656.00,44.00 654.00,48.00 654.00,48.00
             654.00,48.00 660.00,48.00 660.00,48.00
             660.00,48.00 669.00,55.00 669.00,55.00
             669.00,55.00 668.00,57.00 668.00,57.00
             668.00,57.00 676.00,60.00 676.00,60.00
             676.00,60.00 673.00,61.00 673.00,61.00
             679.24,61.82 680.27,63.27 685.00,67.00
             685.00,67.00 688.00,76.00 688.00,76.00
             688.00,76.00 696.00,78.00 696.00,78.00
             696.00,78.00 691.00,79.00 691.00,79.00
             696.03,79.05 701.93,78.53 702.00,85.00
             702.00,85.00 707.00,85.00 707.00,85.00
             707.00,85.00 707.00,88.00 707.00,88.00
             704.58,88.19 703.92,87.70 703.00,90.00
             703.00,90.00 698.00,90.00 698.00,90.00
             698.00,90.00 700.00,90.00 700.00,90.00
             700.00,90.00 700.00,91.00 700.00,91.00
             700.00,91.00 697.00,90.00 697.00,90.00
             697.00,90.00 702.00,95.00 702.00,95.00
             702.00,95.00 709.00,104.00 709.00,104.00
             709.00,104.00 705.00,108.00 705.00,108.00
             705.00,108.00 703.00,107.00 703.00,107.00
             703.00,107.00 703.00,109.00 703.00,109.00
             703.00,109.00 700.00,110.00 700.00,110.00
             700.00,110.00 703.00,110.00 703.00,110.00
             703.00,110.00 711.00,117.00 711.00,117.00
             711.00,117.00 712.00,123.00 712.00,123.00
             703.68,124.49 704.38,122.07 698.70,117.15
             698.70,117.15 693.18,112.68 693.18,112.68
             688.12,107.85 684.88,101.78 677.00,100.00
             677.00,100.00 676.00,97.00 676.00,97.00
             676.00,97.00 670.00,100.00 670.00,100.00
             670.00,100.00 661.00,96.68 661.00,96.68
             661.00,96.68 654.00,93.63 654.00,93.63
             654.00,93.63 636.00,99.00 636.00,99.00
             636.00,99.00 633.00,99.00 633.00,99.00
             633.00,99.00 634.00,103.00 634.00,103.00
             634.00,103.00 633.00,104.00 633.00,104.00
             628.71,101.79 628.23,100.73 629.00,96.00
             629.00,96.00 621.00,95.00 621.00,95.00
             621.00,95.00 625.00,92.00 625.00,92.00
             625.00,92.00 617.00,89.00 617.00,89.00
             621.38,73.21 602.66,69.45 617.00,59.31
             619.12,57.82 620.64,57.00 623.00,56.00
             620.05,52.26 619.55,51.75 619.00,47.00
             619.00,47.00 632.00,50.00 632.00,50.00
             630.16,48.95 626.05,46.88 624.83,45.37 Z
           M 641.00,57.00
           C 641.00,57.00 646.00,56.00 646.00,56.00
             646.43,50.08 646.14,49.20 641.00,46.00
             642.09,52.17 644.35,50.24 641.00,57.00 Z
           M 670.00,57.00
           C 670.00,57.00 671.00,58.00 671.00,58.00
             671.00,58.00 671.00,57.00 671.00,57.00
             671.00,57.00 670.00,57.00 670.00,57.00 Z
           M 671.00,58.00
           C 671.00,58.00 672.00,59.00 672.00,59.00
             672.00,59.00 672.00,58.00 672.00,58.00
             672.00,58.00 671.00,58.00 671.00,58.00 Z
           M 672.00,59.00
           C 672.00,59.00 673.00,60.00 673.00,60.00
             673.00,60.00 673.00,59.00 673.00,59.00
             673.00,59.00 672.00,59.00 672.00,59.00 Z
           M 701.00,83.00
           C 701.00,83.00 702.00,84.00 702.00,84.00
             702.00,84.00 702.00,83.00 702.00,83.00
             702.00,83.00 701.00,83.00 701.00,83.00 Z
           M 704.00,106.00
           C 704.00,106.00 705.00,107.00 705.00,107.00
             705.00,107.00 705.00,106.00 705.00,106.00
             705.00,106.00 704.00,106.00 704.00,106.00 Z" />
  <path id="Kijelölés #21"
        fill="none" stroke="black" stroke-width="1"
        d="M 635.45,101.31
           C 636.71,99.03 651.14,95.30 654.00,95.31
             657.04,95.32 661.58,97.88 665.00,98.86
             671.93,100.86 672.59,98.84 675.91,99.95
             677.61,100.52 678.86,101.77 680.28,102.77
             680.28,102.77 685.63,106.05 685.63,106.05
             685.63,106.05 693.17,113.74 693.17,113.74
             696.08,116.40 702.78,120.93 703.59,124.91
             704.19,127.91 701.19,129.14 700.97,132.04
             700.49,134.88 703.26,137.14 700.97,140.90
             697.78,146.63 691.42,144.97 684.00,151.00
             684.00,151.00 689.00,157.00 689.00,157.00
             681.50,158.63 683.10,155.52 679.00,155.03
             675.74,154.65 674.52,157.84 670.96,158.15
             668.30,158.80 665.74,157.19 663.04,158.15
             659.24,158.95 657.41,164.25 653.07,163.79
             650.53,163.52 649.17,161.10 645.96,159.22
             637.04,154.00 634.05,154.11 625.00,158.00
             625.00,158.00 619.00,147.00 619.00,147.00
             619.00,147.00 625.00,146.00 625.00,146.00
             625.00,146.00 618.00,143.00 618.00,143.00
             615.53,139.97 604.94,132.33 614.11,129.21
             614.11,129.21 617.00,129.21 617.00,129.21
             612.79,123.86 611.03,124.32 605.00,126.00
             599.04,118.08 595.79,120.31 597.00,113.00
             597.00,113.00 600.00,114.00 600.00,114.00
             604.51,103.49 610.29,108.74 618.00,110.36
             618.00,110.36 632.00,111.19 632.00,111.19
             633.74,111.06 635.35,110.50 637.00,110.00
             635.56,107.30 633.74,104.38 635.45,101.31 Z
           M 617.00,129.00
           C 617.00,129.00 618.00,130.00 618.00,130.00
             618.00,130.00 618.00,129.00 618.00,129.00
             618.00,129.00 617.00,129.00 617.00,129.00 Z" />
  <path id="Kijelölés #20"
        fill="none" stroke="black" stroke-width="1"
        d="M 549.02,143.99
           C 554.99,143.52 554.95,140.36 562.00,141.30
             570.48,142.44 575.75,148.95 583.00,142.00
             586.69,144.65 593.67,151.26 597.00,152.47
             601.51,154.11 602.07,150.53 606.42,153.43
             611.20,156.62 619.53,165.33 624.00,158.00
             633.27,158.58 629.33,154.37 641.00,158.68
             642.51,159.24 645.35,160.25 646.57,161.20
             650.58,164.31 647.50,168.20 648.22,172.17
             648.95,176.14 651.35,179.18 652.15,181.42
             653.03,183.94 652.29,185.09 653.81,188.00
             656.88,193.92 660.33,195.60 655.54,202.68
             652.04,207.86 642.96,202.11 640.00,199.00
             640.00,199.00 640.00,206.00 640.00,206.00
             643.68,206.91 651.31,210.41 651.38,214.95
             651.40,216.50 644.57,226.19 643.22,227.96
             638.61,234.00 635.29,233.34 631.09,235.99
             631.09,235.99 624.91,240.90 624.91,240.90
             622.48,242.57 607.84,248.93 605.00,249.36
             594.75,250.90 599.80,241.68 591.65,230.01
             591.65,230.01 584.83,220.96 584.83,220.96
             582.94,217.40 582.96,214.96 580.45,211.17
             577.16,206.19 571.50,200.46 569.34,195.00
             569.34,195.00 567.41,188.00 567.41,188.00
             566.81,186.10 565.74,183.97 565.59,182.00
             565.59,182.00 569.00,162.00 569.00,162.00
             564.03,161.96 563.26,163.53 560.00,163.65
             557.01,163.76 555.27,162.09 552.28,162.14
             550.07,162.17 546.45,163.71 542.36,160.39
             538.95,157.61 542.04,156.39 536.00,151.00
             536.00,151.00 536.00,149.00 536.00,149.00
             536.00,149.00 545.00,146.00 545.00,146.00
             545.00,146.00 537.00,147.00 537.00,147.00
             537.00,147.00 538.00,142.00 538.00,142.00
             543.19,142.57 544.68,144.33 549.02,143.99 Z
           M 622.41,193.59
           C 622.41,193.59 618.31,187.66 618.31,187.66
             617.02,186.42 614.36,185.20 612.99,186.84
             611.74,188.10 612.48,189.73 612.99,191.02
             612.99,191.02 619.00,203.00 619.00,203.00
             622.77,201.98 623.80,201.63 624.00,206.00
             632.52,207.88 634.52,203.86 640.00,198.00
             633.52,197.61 628.54,199.67 622.41,193.59 Z" />
  <path id="Kijelölés #19"
        fill="none" stroke="black" stroke-width="1"
        d="M 621.00,56.00
           C 621.00,56.00 609.00,63.00 609.00,63.00
             611.63,72.47 612.01,69.20 614.46,75.00
             614.46,75.00 617.02,83.00 617.02,83.00
             618.05,88.86 615.66,88.39 623.00,93.00
             623.00,93.00 619.00,94.00 619.00,94.00
             619.00,94.00 619.00,96.00 619.00,96.00
             619.00,96.00 628.00,97.00 628.00,97.00
             626.51,102.61 631.54,105.03 635.00,109.00
             635.00,109.00 632.00,109.68 632.00,109.68
             632.00,109.68 618.00,108.87 618.00,108.87
             611.38,107.44 606.59,102.02 599.00,112.00
             589.53,115.03 601.73,123.55 605.00,126.00
             605.00,126.00 599.00,134.00 599.00,134.00
             602.20,135.84 610.60,145.35 611.22,149.00
             611.49,150.58 610.53,152.52 610.00,154.00
             610.00,154.00 603.96,151.03 603.96,151.03
             603.96,151.03 595.02,150.27 595.02,150.27
             595.02,150.27 587.76,143.79 587.76,143.79
             587.76,143.79 569.00,132.00 569.00,132.00
             569.00,132.00 571.00,123.00 571.00,123.00
             571.00,123.00 562.00,127.00 562.00,127.00
             562.00,127.00 566.00,128.00 566.00,128.00
             562.74,133.58 556.07,134.15 556.00,127.00
             556.00,127.00 553.00,125.00 553.00,125.00
             553.00,125.00 546.00,131.00 546.00,131.00
             540.36,126.19 541.60,123.21 537.87,120.61
             535.04,118.64 527.49,119.65 524.00,120.00
             524.45,112.35 526.75,113.43 527.23,109.91
             527.81,105.62 525.13,99.80 522.00,97.00
             522.00,97.00 523.00,94.00 523.00,94.00
             520.54,93.17 516.19,91.93 517.66,88.30
             518.70,85.72 523.56,86.28 526.00,86.00
             518.50,77.26 530.60,80.11 537.00,78.00
             537.00,78.00 534.00,76.00 534.00,76.00
             536.78,75.01 540.04,73.43 540.51,70.07
             540.77,68.19 539.03,65.86 538.37,63.91
             535.88,56.54 537.54,56.23 533.00,49.00
             534.62,47.84 535.95,46.63 538.00,46.23
             541.38,45.57 552.48,48.32 556.00,49.56
             557.67,50.15 562.35,51.24 563.41,52.16
             565.94,54.34 563.36,56.86 560.94,57.57
             554.90,59.33 551.34,54.95 544.00,56.00
             550.88,59.54 549.90,63.86 558.00,64.00
             558.00,64.00 555.00,60.00 555.00,60.00
             555.00,60.00 562.00,62.00 562.00,62.00
             564.36,56.71 566.55,56.77 572.00,56.00
             572.00,56.00 571.00,51.00 571.00,51.00
             571.00,51.00 577.00,51.00 577.00,51.00
             577.00,51.00 578.00,55.00 578.00,55.00
             581.75,52.78 586.59,49.84 591.00,49.38
             596.77,48.77 596.42,52.15 609.00,48.00
             609.00,48.00 603.00,47.00 603.00,47.00
             603.00,47.00 603.00,45.00 603.00,45.00
             612.26,42.88 617.68,48.00 621.00,56.00 Z" />
  <path id="Kijelölés #18"
        fill="none" stroke="black" stroke-width="1"
        d="M 488.00,122.84
           C 496.03,121.65 497.25,114.70 507.00,119.00
             504.83,125.94 507.49,129.09 515.00,127.65
             519.86,126.72 521.22,123.79 524.17,122.32
             526.54,121.14 528.48,121.44 531.00,121.16
             532.28,121.19 534.72,120.79 535.87,121.16
             539.93,122.01 538.16,125.73 545.00,131.00
             544.45,132.75 542.81,138.21 541.84,139.45
             539.22,142.80 537.18,139.96 536.00,147.00
             536.00,147.00 530.00,149.00 530.00,149.00
             530.00,149.00 527.00,148.00 527.00,148.00
             528.15,155.28 531.25,154.57 527.00,162.00
             522.99,159.99 522.46,159.22 521.00,155.00
             521.00,155.00 524.00,154.00 524.00,154.00
             512.32,152.36 517.42,145.78 511.61,140.56
             507.26,136.64 498.08,134.82 496.00,129.00
             492.74,132.33 495.62,133.59 498.34,136.47
             507.30,145.98 509.51,142.45 513.00,149.00
             513.00,149.00 507.00,148.00 507.00,148.00
             508.10,152.39 508.07,153.70 504.00,156.00
             504.00,156.00 505.00,151.00 505.00,151.00
             500.67,148.68 498.90,146.48 497.00,142.00
             488.14,143.47 488.53,137.80 484.87,134.85
             483.08,133.41 481.13,134.14 479.44,132.95
             477.28,131.43 476.56,126.51 476.00,124.00
             483.63,120.50 482.53,123.65 488.00,122.84 Z" />
  <path id="Kijelölés #17"
        fill="none" stroke="black" stroke-width="1"
        d="M 465.00,109.00
           C 469.73,115.24 471.93,115.10 479.00,117.00
             473.42,126.68 473.68,123.47 478.00,136.00
             478.00,136.00 465.00,138.00 465.00,138.00
             465.00,138.00 466.00,143.00 466.00,143.00
             459.70,144.68 455.57,148.18 456.00,155.00
             456.00,155.00 449.72,159.73 449.72,159.73
             448.39,160.41 438.50,162.28 437.00,162.24
             435.15,162.20 433.71,161.53 432.00,160.93
             430.44,160.37 428.05,159.77 427.10,158.42
             424.74,155.40 426.88,144.90 427.10,141.00
             427.32,138.88 427.23,136.68 429.43,135.70
             432.31,134.12 439.74,135.58 443.00,135.70
             453.90,136.67 454.28,123.42 443.00,121.00
             443.00,121.00 443.00,117.00 443.00,117.00
             455.51,116.68 459.15,110.81 465.00,109.00 Z" />
  <path id="Kijelölés #16"
        fill="none" stroke="black" stroke-width="1"
        d="M 474.00,100.98
           C 476.57,99.76 479.72,99.93 481.10,98.11
             483.72,94.68 477.34,88.66 487.00,87.00
             486.63,93.66 486.58,92.06 489.00,97.79
             497.90,95.20 495.92,97.98 500.28,97.79
             500.28,97.79 505.99,95.89 505.99,95.89
             511.65,94.77 509.90,97.96 517.00,93.00
             526.18,100.82 522.89,101.05 527.00,111.00
             520.11,116.27 524.44,116.75 521.38,121.92
             518.18,127.31 511.08,126.79 506.00,125.00
             506.00,125.00 507.27,121.02 507.27,121.02
             507.74,117.61 505.28,115.51 502.00,115.57
             498.03,115.64 493.05,120.53 488.00,121.27
             485.43,121.64 482.55,120.54 480.00,120.00
             479.10,112.24 472.78,116.70 465.00,108.00
             467.47,105.73 471.00,102.40 474.00,100.98 Z" />
  <path id="Kijelölés #15"
        fill="none" stroke="black" stroke-width="1"
        d="M 481.00,84.63
           C 475.13,84.79 472.64,76.63 473.83,73.05
             475.53,67.94 480.83,69.28 488.90,62.33
             488.90,62.33 502.28,48.74 502.28,48.74
             504.52,47.16 506.53,47.11 509.00,46.21
             509.00,46.21 518.00,42.78 518.00,42.78
             522.13,41.84 531.95,42.53 536.00,44.00
             534.99,45.23 533.71,46.53 533.23,48.09
             532.28,51.25 535.41,59.73 536.51,63.00
             537.70,66.52 540.27,69.19 537.67,72.80
             532.84,79.21 517.96,79.78 516.49,72.80
             515.61,68.78 520.70,63.24 523.00,60.00
             517.19,59.52 517.15,62.06 512.97,65.63
             507.93,69.92 502.42,72.13 511.00,77.00
             509.53,81.61 508.18,81.41 505.71,85.03
             503.54,88.24 500.62,95.40 495.14,92.87
             492.92,91.84 489.09,83.48 488.00,81.00
             485.92,82.63 483.82,84.55 481.00,84.63 Z" />
  <path id="Kijelölés #14"
        fill="none" stroke="black" stroke-width="1"
        d="M 449.00,84.00
           C 449.00,84.00 452.00,87.00 452.00,87.00
             452.00,87.00 450.00,91.00 450.00,91.00
             458.63,95.33 452.98,98.30 463.00,103.00
             463.00,103.00 463.00,105.00 463.00,105.00
             463.00,105.00 459.00,107.00 459.00,107.00
             459.00,107.00 460.00,110.00 460.00,110.00
             460.00,110.00 441.00,112.00 441.00,112.00
             441.00,112.00 448.00,108.00 448.00,108.00
             448.00,108.00 443.00,107.00 443.00,107.00
             443.00,107.00 445.00,104.00 445.00,104.00
             445.00,104.00 444.00,101.00 444.00,101.00
             444.00,101.00 449.00,100.00 449.00,100.00
             449.00,100.00 448.00,95.00 448.00,95.00
             448.00,95.00 443.00,95.00 443.00,95.00
             443.42,88.94 441.92,85.60 449.00,84.00 Z" />
  <path id="Kijelölés #13"
        fill="none" stroke="black" stroke-width="1"
        d="M 421.86,58.06
           C 423.76,59.06 424.11,60.27 425.00,62.00
             421.60,63.88 413.86,67.56 410.01,67.25
             406.30,66.96 407.09,65.07 401.00,65.00
             401.00,65.00 402.00,60.00 402.00,60.00
             406.21,59.57 418.50,56.29 421.86,58.06 Z" />
  <path id="Kijelölés #12"
        fill="none" stroke="black" stroke-width="1"
        d="M 323.00,18.36
           C 323.00,18.36 338.00,12.35 338.00,12.35
             338.00,12.35 351.00,12.35 351.00,12.35
             351.00,12.35 360.00,12.35 360.00,12.35
             360.00,12.35 374.00,11.83 374.00,11.83
             374.00,11.83 389.00,9.34 389.00,9.34
             389.00,9.34 398.00,9.34 398.00,9.34
             398.00,9.34 406.00,8.18 406.00,8.18
             406.00,8.18 426.00,12.19 426.00,12.19
             426.00,12.19 437.00,12.19 437.00,12.19
             434.67,17.98 428.90,14.99 424.10,18.58
             420.48,21.29 420.56,26.29 415.29,31.51
             412.07,34.70 406.18,36.21 402.00,38.00
             406.68,39.00 407.83,39.68 410.00,44.00
             410.00,44.00 403.00,44.00 403.00,44.00
             403.00,44.00 405.00,48.00 405.00,48.00
             405.00,48.00 382.00,51.24 382.00,51.24
             382.00,51.24 369.00,58.30 369.00,58.30
             364.96,59.65 362.23,58.14 357.00,61.34
             349.93,65.67 347.38,73.47 342.83,75.98
             338.76,78.21 332.39,75.66 329.39,72.61
             325.01,68.16 326.85,64.68 326.79,61.58
             326.79,61.58 326.79,57.00 326.79,57.00
             328.06,50.09 344.02,46.97 333.00,40.00
             333.05,36.47 332.68,34.94 330.38,32.04
             324.28,24.37 318.80,29.31 307.00,26.00
             307.00,26.00 308.00,20.00 308.00,20.00
             308.00,20.00 323.00,18.36 323.00,18.36 Z
           M 401.00,36.00
           C 401.00,36.00 402.00,37.00 402.00,37.00
             402.00,37.00 402.00,36.00 402.00,36.00
             402.00,36.00 401.00,36.00 401.00,36.00 Z
           M 398.00,41.00
           C 398.00,41.00 403.00,44.00 403.00,44.00
             403.00,44.00 398.00,41.00 398.00,41.00 Z" />
  <path id="Kijelölés #11"
        fill="none" stroke="black" stroke-width="1"
        d="M 233.00,379.40
           C 233.00,379.40 244.00,379.40 244.00,379.40
             246.05,380.01 249.64,383.25 252.00,384.65
             252.00,384.65 259.59,388.81 259.59,388.81
             262.57,391.67 259.54,395.61 264.10,397.39
             268.83,399.23 272.23,395.06 275.00,392.00
             274.91,400.39 267.22,400.74 268.45,405.99
             269.59,410.83 279.59,413.62 282.29,418.17
             284.14,421.28 282.01,423.72 278.96,424.57
             274.87,425.71 271.38,424.05 268.00,422.00
             269.81,424.36 272.74,427.32 273.73,430.01
             277.18,439.37 266.00,439.98 260.00,440.00
             261.76,444.30 261.51,444.67 260.00,449.00
             260.00,449.00 252.00,447.00 252.00,447.00
             252.00,447.00 258.00,453.00 258.00,453.00
             258.00,453.00 254.73,465.00 254.73,465.00
             254.73,465.00 258.40,474.00 258.40,474.00
             258.40,474.00 256.11,481.71 256.11,481.71
             256.11,481.71 256.11,489.00 256.11,489.00
             260.83,489.67 271.12,495.10 274.00,499.00
             267.59,499.06 255.10,501.98 255.00,492.00
             255.00,492.00 245.00,491.00 245.00,491.00
             243.35,485.80 241.23,486.07 238.34,481.96
             234.08,475.89 237.25,473.66 229.00,469.00
             229.00,469.00 229.00,466.00 229.00,466.00
             237.10,458.02 224.60,449.86 223.07,443.17
             220.74,429.79 223.74,429.70 223.07,421.00
             223.07,421.00 218.87,398.00 218.87,398.00
             219.02,392.15 219.85,375.80 218.87,371.00
             218.14,368.56 217.18,367.14 216.00,365.00
             216.00,365.00 217.00,365.00 217.00,365.00
             217.00,365.00 219.00,363.00 219.00,363.00
             226.84,371.72 221.61,379.83 233.00,379.40 Z
           M 255.00,489.00
           C 255.00,489.00 256.00,490.00 256.00,490.00
             256.00,490.00 256.00,489.00 256.00,489.00
             256.00,489.00 255.00,489.00 255.00,489.00 Z" />
  <path id="Kijelölés #10"
        fill="none" stroke="black" stroke-width="1"
        d="M 248.00,280.00
           C 247.61,281.38 246.99,283.14 246.98,284.58
             246.91,294.65 257.90,289.52 263.00,288.68
             267.90,287.88 275.01,291.06 276.00,281.00
             279.31,282.28 282.61,288.58 282.28,292.17
             282.16,293.53 281.50,294.76 281.00,296.00
             288.27,294.34 288.76,297.64 285.00,303.00
             286.50,302.02 289.50,299.82 291.00,299.26
             296.71,297.15 300.56,301.73 301.00,307.00
             306.09,304.66 314.62,304.98 319.58,307.94
             319.58,307.94 326.00,312.78 326.00,312.78
             331.35,315.97 336.42,315.75 335.44,324.00
             334.31,333.53 322.04,341.52 322.62,350.00
             323.12,357.27 320.63,374.15 315.36,379.43
             312.36,382.44 309.53,381.36 306.00,382.75
             306.00,382.75 293.00,390.00 293.00,390.00
             293.86,392.09 294.63,393.65 294.63,396.00
             294.65,401.89 287.95,414.51 284.00,419.00
             277.82,410.77 269.87,409.67 269.74,405.00
             269.59,399.11 279.56,398.84 275.61,389.96
             270.87,379.28 261.40,382.83 259.78,370.00
             259.26,365.88 261.45,363.88 258.62,359.05
             256.26,355.02 253.65,355.03 251.69,353.19
             249.74,351.35 249.61,349.06 246.78,346.64
             243.05,343.45 237.26,342.75 234.56,340.30
             232.11,338.10 231.03,334.06 230.00,331.00
             230.00,331.00 220.01,335.56 220.01,335.56
             216.51,336.41 215.52,334.37 212.83,332.78
             209.53,330.84 206.55,330.64 204.47,326.00
             203.52,323.76 203.75,322.25 204.47,320.00
             206.40,313.65 209.74,312.37 216.00,313.00
             216.00,313.00 217.28,304.00 217.28,304.00
             217.28,304.00 216.47,298.00 216.47,298.00
             216.47,298.00 217.00,291.00 217.00,291.00
             217.00,291.00 218.00,290.00 218.00,290.00
             218.00,290.00 224.00,289.00 224.00,289.00
             226.44,293.26 228.31,295.35 232.92,291.68
             233.93,290.88 235.02,289.84 235.40,288.56
             235.91,286.83 234.57,283.70 234.00,282.00
             234.00,282.00 248.00,280.00 248.00,280.00 Z
           M 280.00,296.00
           C 280.00,296.00 281.00,297.00 281.00,297.00
             281.00,297.00 281.00,296.00 281.00,296.00
             281.00,296.00 280.00,296.00 280.00,296.00 Z
           M 275.00,302.00
           C 275.00,302.00 280.00,297.00 280.00,297.00
             280.00,297.00 275.00,302.00 275.00,302.00 Z" />
  <path id="Kijelölés #9"
        fill="none" stroke="black" stroke-width="1"
        d="M 196.79,297.45
           C 199.53,299.08 200.67,301.73 203.10,303.54
             208.67,307.66 210.82,302.14 212.00,311.00
             197.92,316.72 200.72,331.70 213.00,333.00
             213.00,333.00 219.00,339.00 219.00,339.00
             219.00,339.00 229.00,333.00 229.00,333.00
             230.53,336.86 232.31,340.68 236.09,342.84
             238.67,344.32 241.47,344.13 244.87,346.80
             248.18,349.40 248.31,351.88 251.22,354.59
             255.17,358.27 263.34,361.10 256.00,368.00
             261.03,373.40 258.86,374.86 262.31,378.70
             265.90,382.71 271.03,383.61 272.39,387.13
             273.72,390.58 271.49,395.20 267.96,396.16
             266.15,396.88 263.83,396.30 262.00,396.16
             264.29,385.33 259.28,387.68 252.00,383.16
             246.07,379.48 247.78,377.31 240.00,377.40
             237.92,377.67 229.54,377.99 228.23,377.40
             225.05,375.28 225.05,370.26 223.79,367.00
             223.79,367.00 221.00,361.00 221.00,361.00
             221.00,361.00 217.00,365.00 217.00,365.00
             217.00,365.00 198.63,352.59 198.63,352.59
             198.63,352.59 188.18,336.00 188.18,336.00
             188.18,336.00 183.68,326.28 183.68,326.28
             181.18,321.18 175.99,318.07 176.68,313.00
             176.98,310.80 178.87,307.92 180.00,306.00
             174.14,301.90 179.63,294.91 183.00,291.00
             191.67,296.28 194.31,295.97 196.79,297.45 Z" />
  <path id="Kijelölés #8"
        fill="none" stroke="black" stroke-width="1"
        d="M 198.49,256.57
           C 200.53,254.60 202.48,254.36 204.83,253.09
             208.82,250.94 208.13,249.98 213.00,251.00
             213.00,251.00 211.00,255.00 211.00,255.00
             221.52,249.72 218.40,254.07 228.00,257.08
             235.55,259.46 236.06,256.27 245.00,261.04
             254.27,265.99 252.90,269.35 259.00,272.60
             266.33,276.49 270.24,270.79 278.00,281.00
             278.00,281.00 269.90,286.81 269.90,286.81
             269.90,286.81 265.00,286.81 265.00,286.81
             265.00,286.81 251.00,291.00 251.00,291.00
             251.00,291.00 247.59,278.87 247.59,278.87
             247.59,278.87 241.00,280.00 241.00,280.00
             241.00,280.00 234.00,280.00 234.00,280.00
             234.00,280.00 233.17,288.77 233.17,288.77
             230.93,294.53 225.98,290.39 224.00,287.00
             222.39,287.61 218.51,288.76 217.38,289.71
             213.11,293.34 216.27,300.58 215.00,306.00
             215.00,306.00 204.21,302.83 204.21,302.83
             204.21,302.83 197.90,296.73 197.90,296.73
             197.90,296.73 184.00,291.00 184.00,291.00
             188.29,279.70 190.62,283.25 188.00,270.00
             193.96,264.94 195.06,259.89 198.49,256.57 Z
           M 211.00,262.00
           C 211.00,262.00 211.00,255.00 211.00,255.00
             211.00,255.00 211.00,262.00 211.00,262.00 Z" />
  <path id="Kijelölés #7"
        fill="none" stroke="black" stroke-width="1"
        d="M 81.19,200.17
           C 80.15,198.16 78.94,197.39 78.34,194.95
             77.86,192.98 78.50,191.57 77.64,188.83
             76.66,185.74 72.56,178.95 78.23,177.29
             84.06,175.58 88.77,180.13 94.00,181.44
             100.60,183.11 103.84,179.28 107.87,180.78
             111.43,182.11 111.80,186.55 115.11,187.86
             117.71,188.89 119.91,186.67 122.58,188.65
             124.83,190.32 125.57,194.53 127.08,196.95
             128.79,199.67 130.36,200.43 133.00,202.00
             131.77,204.86 129.56,209.04 129.25,212.00
             128.65,217.74 133.02,229.53 142.00,227.57
             148.86,226.07 150.13,220.28 153.27,218.09
             156.69,215.70 160.23,216.12 164.00,217.00
             164.00,217.00 156.00,237.00 156.00,237.00
             159.19,237.00 169.98,236.13 171.81,238.57
             175.08,242.93 167.60,251.94 172.82,258.89
             173.89,260.32 175.27,261.60 177.04,262.06
             181.60,263.22 181.63,259.05 191.00,263.00
             190.07,265.57 189.97,266.95 187.00,267.00
             187.00,267.00 188.00,265.00 188.00,265.00
             188.00,265.00 181.00,265.00 181.00,265.00
             181.00,265.00 182.00,268.17 182.00,268.17
             180.29,268.33 179.88,268.62 178.00,268.17
             173.82,267.72 163.19,261.84 161.96,257.79
             161.46,256.35 161.82,255.38 161.96,254.00
             158.27,251.73 157.93,251.27 157.00,247.00
             146.60,249.63 141.34,240.22 136.96,238.18
             133.09,236.23 131.32,239.04 127.00,238.18
             121.74,237.32 105.47,229.05 102.33,224.96
             98.71,220.25 102.22,218.65 100.22,213.00
             98.54,208.23 95.18,205.87 92.92,202.00
             92.92,202.00 86.99,190.00 86.99,190.00
             86.99,190.00 84.98,183.11 84.98,183.11
             84.05,181.46 83.33,181.14 82.00,180.00
             80.76,186.61 82.88,187.15 84.90,193.00
             84.90,193.00 90.00,211.00 90.00,211.00
             82.79,208.97 83.42,204.47 81.19,200.17 Z" />
  <path id="Kijelölés #6"
        fill="none" stroke="black" stroke-width="1"
        d="M 185.00,120.00
           C 185.00,120.00 182.00,124.00 182.00,124.00
             185.90,123.84 186.61,122.76 189.01,122.62
             192.51,122.41 198.05,124.13 200.00,127.00
             188.62,129.67 189.21,132.41 184.00,141.00
             189.12,140.29 189.14,135.70 192.39,132.21
             195.59,128.77 198.57,128.25 203.00,128.00
             203.00,128.00 200.00,135.00 200.00,135.00
             200.00,135.00 202.00,135.00 202.00,135.00
             202.00,135.00 199.00,143.00 199.00,143.00
             199.00,143.00 213.00,136.92 213.00,136.92
             213.00,136.92 226.00,132.09 226.00,132.09
             226.00,132.09 238.91,129.97 238.91,129.97
             238.91,129.97 251.00,123.00 251.00,123.00
             251.00,123.00 251.00,132.00 251.00,132.00
             248.13,133.15 243.53,134.76 241.22,136.64
             241.22,136.64 236.51,141.70 236.51,141.70
             236.51,141.70 229.09,144.68 229.09,144.68
             229.09,144.68 214.52,155.47 214.52,155.47
             211.47,159.21 214.44,161.82 209.77,166.82
             204.74,172.21 193.66,175.51 190.54,182.02
             188.29,186.45 190.51,191.37 190.54,196.00
             190.68,199.45 189.58,201.09 188.00,204.00
             178.92,200.50 184.96,191.50 179.77,187.87
             178.19,186.77 168.72,183.76 166.87,184.32
             163.60,185.31 162.65,188.16 159.79,188.53
             157.42,188.83 153.80,186.94 151.00,186.84
             147.43,186.72 137.93,191.62 135.74,194.39
             134.48,195.98 134.41,197.14 134.00,199.00
             132.47,198.87 130.88,198.95 129.56,197.98
             127.07,196.15 126.07,186.61 120.00,186.29
             118.33,186.20 116.46,187.31 115.00,188.00
             115.00,188.00 110.00,179.00 110.00,179.00
             112.81,179.00 117.15,179.45 119.30,177.40
             123.12,173.77 121.49,164.73 126.23,162.60
             127.83,161.88 131.18,162.00 133.00,162.00
             137.43,161.99 151.56,162.96 154.50,160.40
             161.36,154.43 155.17,147.65 155.69,141.00
             155.92,138.13 157.71,135.67 158.67,133.00
             160.69,127.43 161.95,122.95 162.00,117.00
             178.51,117.00 170.74,117.09 185.00,120.00 Z" />
  <path id="Kijelölés #5"
        fill="none" stroke="black" stroke-width="1"
        d="M 160.00,117.00
           C 159.96,131.27 155.54,134.84 154.72,140.00
             154.09,144.01 155.84,147.48 156.23,151.00
             156.52,153.73 155.44,157.16 155.00,160.00
             155.00,160.00 132.00,160.00 132.00,160.00
             129.51,160.02 126.63,159.79 124.65,161.60
             122.19,163.84 119.71,173.53 119.00,177.00
             119.00,177.00 103.00,178.00 103.00,178.00
             103.00,178.00 104.00,180.00 104.00,180.00
             104.00,180.00 103.00,181.00 103.00,181.00
             103.00,181.00 90.00,180.00 90.00,180.00
             90.00,180.00 89.00,177.00 89.00,177.00
             89.00,177.00 86.00,178.00 86.00,178.00
             80.13,172.21 77.23,177.90 70.39,170.40
             68.23,168.04 67.75,165.03 67.02,162.01
             65.94,157.58 64.70,152.44 66.14,148.00
             69.63,137.29 80.65,130.03 83.00,119.00
             83.00,119.00 90.00,121.00 90.00,121.00
             90.00,121.00 91.00,117.00 91.00,117.00
             91.00,117.00 160.00,117.00 160.00,117.00 Z
           M 88.00,121.00
           C 88.00,121.00 89.00,122.00 89.00,122.00
             89.00,122.00 89.00,121.00 89.00,121.00
             89.00,121.00 88.00,121.00 88.00,121.00 Z
           M 102.00,179.00
           C 102.00,179.00 103.00,180.00 103.00,180.00
             103.00,180.00 103.00,179.00 103.00,179.00
             103.00,179.00 102.00,179.00 102.00,179.00 Z" />
  <path id="Kijelölés #4"
        fill="none" stroke="black" stroke-width="1"
        d="M 239.91,127.70
           C 234.87,130.19 223.24,128.83 219.64,124.36
             217.01,121.10 222.00,113.19 223.79,110.04
             223.79,110.04 232.39,96.49 232.39,96.49
             235.04,93.97 239.82,92.85 242.82,88.25
             244.51,85.65 243.77,84.29 244.62,82.02
             245.22,80.41 251.76,71.32 253.22,70.45
             257.43,67.95 267.26,70.19 269.91,74.39
             271.21,76.69 270.42,79.53 269.91,82.00
             278.05,82.12 277.69,79.33 285.00,77.00
             286.36,82.60 285.40,88.76 288.53,93.85
             291.28,98.33 296.10,96.42 296.46,101.02
             296.80,105.29 291.14,107.49 288.00,108.84
             272.27,115.61 268.06,108.37 258.00,115.00
             258.00,115.00 266.00,115.00 266.00,115.00
             264.87,118.71 264.76,119.68 261.00,121.00
             261.00,121.00 268.00,124.00 268.00,124.00
             268.00,124.00 267.00,127.00 267.00,127.00
             270.60,125.49 271.10,125.47 273.00,122.00
             278.61,123.97 275.77,127.06 271.98,129.25
             267.85,131.64 257.66,135.29 253.00,135.00
             253.00,135.00 258.00,130.00 258.00,130.00
             258.00,130.00 252.00,131.00 252.00,131.00
             252.00,131.00 252.00,121.00 252.00,121.00
             243.46,123.14 244.73,125.32 239.91,127.70 Z" />
  <path id="Kijelölés #3"
        fill="none" stroke="black" stroke-width="1"
        d="M 172.28,88.00
           C 174.32,85.06 176.59,80.93 180.04,79.60
             182.65,78.59 197.19,79.00 201.00,79.00
             201.00,79.00 200.00,82.00 200.00,82.00
             200.00,82.00 205.18,86.88 205.18,86.88
             205.18,86.88 224.00,95.00 224.00,95.00
             224.00,95.00 221.79,102.58 221.79,102.58
             221.73,105.68 223.13,106.73 221.79,111.00
             220.46,114.23 215.91,120.58 217.23,123.79
             218.39,126.59 222.06,126.81 226.00,131.00
             226.00,131.00 201.00,140.00 201.00,140.00
             201.00,140.00 206.00,135.00 206.00,135.00
             206.27,130.99 207.41,131.20 211.00,132.00
             208.65,123.89 206.11,129.47 202.58,126.35
             201.00,124.96 200.74,122.01 199.27,120.28
             196.08,116.53 189.74,119.58 186.00,121.00
             178.01,114.10 167.81,115.00 158.00,115.00
             160.11,107.62 167.81,94.46 172.28,88.00 Z" />
  <path id="Kijelölés #2"
        fill="none" stroke="black" stroke-width="1"
        d="M 177.00,79.00
           C 177.00,79.00 162.78,101.00 162.78,101.00
             161.46,103.48 157.12,112.75 155.36,114.01
             153.60,115.25 150.11,115.00 148.00,115.00
             134.80,115.02 101.97,114.03 91.00,116.00
             88.96,109.61 82.43,107.78 86.00,104.00
             86.00,104.00 86.00,95.00 86.00,95.00
             94.40,94.01 92.72,84.69 90.00,79.00
             90.00,79.00 177.00,79.00 177.00,79.00 Z" />
  <path id="Kijelölés #1"
        fill="none" stroke="black" stroke-width="1"
        d="M 237.93,41.58
           C 238.64,42.63 238.03,46.51 237.93,48.00
             237.93,48.00 244.00,48.00 244.00,48.00
             244.00,48.00 242.00,53.00 242.00,53.00
             252.19,48.36 248.00,47.01 260.00,47.00
             257.74,57.58 251.33,56.96 243.00,58.32
             237.55,59.21 238.63,59.58 232.00,60.00
             232.00,60.00 235.00,61.00 235.00,61.00
             235.00,61.00 235.00,63.00 235.00,63.00
             235.00,63.00 224.09,66.12 224.09,66.12
             224.09,66.12 202.00,79.00 202.00,79.00
             195.57,75.41 177.07,77.00 169.00,77.00
             169.00,77.00 110.00,77.00 110.00,77.00
             102.51,77.00 86.42,77.82 80.00,76.00
             80.00,76.00 104.00,56.35 104.00,56.35
             104.00,56.35 116.00,47.71 116.00,47.71
             116.00,47.71 129.00,47.71 129.00,47.71
             129.00,47.71 150.03,44.71 150.03,44.71
             150.03,44.71 156.00,46.19 156.00,46.19
             156.00,46.19 164.00,46.19 164.00,46.19
             164.00,46.19 177.00,49.00 177.00,49.00
             177.00,49.00 175.00,52.00 175.00,52.00
             183.98,51.80 184.48,49.36 189.00,56.00
             193.75,48.18 199.64,50.82 207.00,51.45
             207.00,51.45 213.00,51.45 213.00,51.45
             215.84,51.68 216.88,52.81 220.00,52.30
             220.00,52.30 229.00,50.00 229.00,50.00
             229.00,50.00 227.00,44.00 227.00,44.00
             229.23,42.82 235.79,38.77 237.93,41.58 Z
           M 220.00,65.00
           C 220.00,65.00 221.00,66.00 221.00,66.00
             221.00,66.00 221.00,65.00 221.00,65.00
             221.00,65.00 220.00,65.00 220.00,65.00 Z" />
  <path id="Kijelölés"
        fill="none" stroke="black" stroke-width="1"
        d="M 60.00,46.84
           C 60.00,46.84 69.00,43.92 69.00,43.92
             79.12,41.26 89.81,41.55 100.00,43.39
             105.03,44.29 110.62,44.15 115.00,47.00
             115.00,47.00 89.00,67.21 89.00,67.21
             86.75,68.97 80.33,73.08 80.45,76.07
             80.66,81.01 87.07,79.38 89.31,82.33
             90.74,84.20 90.20,91.49 90.00,94.00
             90.00,94.00 87.00,94.00 87.00,94.00
             87.00,94.00 85.66,86.21 85.66,86.21
             83.56,81.93 73.54,78.08 69.00,77.25
             53.86,74.50 58.13,78.66 48.28,78.37
             43.01,78.22 40.60,80.69 36.00,82.83
             36.00,82.83 27.00,86.09 27.00,86.09
             27.00,86.09 21.00,88.95 21.00,88.95
             15.85,91.17 10.62,92.87 5.00,93.00
             8.01,88.82 17.10,86.08 22.00,84.00
             22.00,84.00 16.00,81.00 16.00,81.00
             16.00,81.00 16.00,79.00 16.00,79.00
             16.00,79.00 21.00,77.00 21.00,77.00
             17.84,65.44 31.17,69.57 41.00,63.00
             36.00,63.98 34.79,63.38 30.00,62.00
             30.00,62.00 30.00,60.00 30.00,60.00
             39.77,54.59 40.01,56.86 50.00,56.00
             50.00,56.00 47.00,53.00 47.00,53.00
             47.00,53.00 47.00,50.00 47.00,50.00
             47.00,50.00 60.00,46.84 60.00,46.84 Z
           M 24.00,81.00
           C 24.00,81.00 25.00,82.00 25.00,82.00
             25.00,82.00 25.00,81.00 25.00,81.00
             25.00,81.00 24.00,81.00 24.00,81.00 Z" />
</svg>

